header:
seq: 15277
stamp:
  secs: 1408685936
  nsecs: 928946018
frame_id: ""
finger1: [
    0.09000000357627869, 0.0, 0.0, 0.0, 0.0, 0.0, 0.0, 0.0, 0.0, 
    0.0, 0.0, 0.0, 0.0, 0.0, 0.019999999552965164, 0.009999999776482582, 
    0.0, 0.009999999776482582, 0.0, 0.0, 0.019999999552965164, 
    0.0, 0.03999999910593033, 0.0,
  ]
finger2: [ 
    0.0, 0.019999999552965164, 0.0, 0.03999999910593033, 0.029999999329447746, 
    0.029999999329447746, 0.019999999552965164, 0.019999999552965164, 
    0.029999999329447746, 0.019999999552965164, 0.019999999552965164, 
    0.019999999552965164, 0.029999999329447746, 0.029999999329447746, 
    0.07000000029802322, 0.09000000357627869, 0.0, 0.09000000357627869, 
    0.009999999776482582, 0.019999999552965164, 0.05999999865889549, 
    0.009999999776482582, 0.0, 0.03999999910593033,
  ]
finger3: [ 
    0.0, 0.0, 0.0, 0.0, 0.019999999552965164, 0.029999999329447746, 
    0.0, 0.0, 0.019999999552965164, 0.0, 0.009999999776482582, 
    0.029999999329447746, 0.0, 0.0, 0.0, 0.0, 0.0, 0.0, 0.0, 
    0.0, 0.019999999552965164, 0.0, 0.0, 0.0,
  ]
palm: [ 
    0.0, 0.0, 0.0, 0.0, 0.0, 0.0, 0.0, 0.0, 0.0, 0.0, 0.0, 
    0.0, 0.0, 0.0, 0.0, 0.0, 0.0, 0.0, 0.0, 0.0, 0.0, 0.0, 0.0, 0.0,
  ]
